50
55
463
512
529
663
744
814
906
950
1071
1089
1107
1141
1286
1295
1318
1326
1385
1396
1420
1484
1528
1632
1637
1639
1724
1773
1852
1860
1869
1893
1920
2028
2063
2086
2134
2219
2236
2278
2304
2312
2330
2355
2409
2428
2447
2549
2656
2721
2761
2806
2819
2857
2906
2961
3135
3174
3215
3288
3306
3460
3548
3644
3725
3755
3847
4103
4146
4154
4232
4423
4509
4621
4641
4708
4723
4737
4783
4785
4818
4893
4994
5154
5168
5267
5305
5362
5499
5519
5526
5532
5546
5556
5564
5628
5794
5817
6275
6432
6471
6538
6573
6593
6661
6750
6751
6905
7173
7225
7530
7561
7935
7940
7995
8097
8103
8114
8126
8146
8304
8362
8381
8482
8499
8503
8539
8556
8560
8673
8949
8986
9014
9043
9070
9097
9133
9234
9258
9523
9558
9588
9629
9752
9783
9793
9876
9937
10043
10056
10128
10203
10502
10594
10660
